{"nbformat":4,"nbformat_minor":0,"metadata":{"colab":{"name":"220329_reevaluate_behaviour_data.ipynb","provenance":[],"collapsed_sections":[],"authorship_tag":"ABX9TyM/zOLhF+X2QIpAYyqvpTw3"},"kernelspec":{"name":"python3","display_name":"Python 3"},"language_info":{"name":"python"}},"cells":[{"cell_type":"code","execution_count":null,"metadata":{"id":"Vyo_20nYblW4"},"outputs":[],"source":["import pandas as pd\n","import numpy as np\n","import matplotlib.pyplot as plt"]},{"cell_type":"code","source":["from google.colab import drive\n","drive.mount('/content/drive')"],"metadata":{"colab":{"base_uri":"https://localhost:8080/"},"id":"vXGwTWsVckJm","executionInfo":{"status":"ok","timestamp":1649159748406,"user_tz":-120,"elapsed":16451,"user":{"displayName":"Timo9092","userId":"13096063072157218091"}},"outputId":"48d96adc-b0f6-49a3-8898-1dd744afa369"},"execution_count":null,"outputs":[{"output_type":"stream","name":"stdout","text":["Mounted at /content/drive\n"]}]},{"cell_type":"code","source":["%cd drive/MyDrive/GitHub/master-thesis"],"metadata":{"colab":{"base_uri":"https://localhost:8080/"},"id":"IUeSRDCuckMN","executionInfo":{"status":"ok","timestamp":1649159748406,"user_tz":-120,"elapsed":8,"user":{"displayName":"Timo9092","userId":"13096063072157218091"}},"outputId":"471a4e0b-87b7-4aa5-b92e-6a45f0fe7f6d"},"execution_count":null,"outputs":[{"output_type":"stream","name":"stdout","text":["/content/drive/MyDrive/GitHub/master-thesis\n"]}]},{"cell_type":"markdown","source":["# Load Daten"],"metadata":{"id":"ZQBwk6His9rf"}},{"cell_type":"code","source":["behaviour_cols = ['Q1_2_covid_is_threat',\n"," 'Q2_1_easy_to_follow_advice',\n"," 'Q2_2_can_follow_advice_if_wanted',\n"," 'Q2_3_if_follow_advice_safe',\n"," 'Q2_4_if_follow_advice_others_safe',\n"," 'Q2_5_follow_advice_relationships_impared',\n"," 'Q2_6_follow_advice_life_degraded',\n"," 'Q3_1_aware_hand_hygiene',\n"," 'Q3_2_avoid_contact',\n"," 'Q3_3_ensure_frequent_cleaning',\n"," 'Q3_4_avoid_risk_groups',\n"," 'Q3_5_keep_distance',\n"," 'Q3_6_avoid_crowds',\n"," 'Q3_7_minimize_activities_w_contact',\n"," 'Q5_4_yourself_kept_distance',\n"," 'Q5_5_feel_urge_scold',\n"," 'Q6_2_advices_important',\n"," 'Q6_3_others_can_avoid_spreading',\n"," 'Q6_5_ownership_of_advice',\n"," 'Q6_6_clear_information_on_advice_reason',\n"," 'Q6_7_advice_limits_daily_activities',\n"," 'Q6_9_trust_political_strategy',\n"," 'Ny1_nr_times_wearing_masks_last_week']"],"metadata":{"id":"uuH6b3d2ckS-"},"execution_count":null,"outputs":[]},{"cell_type":"code","source":[" data_path='data/preprocessing/220016_preprocessed_data_missing_data.csv'\n"," df = pd.read_csv(data_path)"],"metadata":{"id":"1xrsazJfcqIs"},"execution_count":null,"outputs":[]},{"cell_type":"code","source":["df_beh = df[behaviour_cols].copy()"],"metadata":{"id":"-LOLR6hocvAl"},"execution_count":null,"outputs":[]},{"cell_type":"markdown","source":["# Scale"],"metadata":{"id":"arVHX7SHtDVm"}},{"cell_type":"code","source":["from sklearn.preprocessing import MinMaxScaler\n","x = MinMaxScaler().fit_transform(df_beh)\n","df_beh_scaled = pd.DataFrame(data=x, columns=df_beh.columns.tolist())\n","df_beh_scaled.head()"],"metadata":{"colab":{"base_uri":"https://localhost:8080/","height":300},"id":"UbRHi58Fdku9","executionInfo":{"status":"ok","timestamp":1649161032268,"user_tz":-120,"elapsed":1358,"user":{"displayName":"Timo9092","userId":"13096063072157218091"}},"outputId":"f698e297-680d-4502-fb07-fe5a5df5d070"},"execution_count":null,"outputs":[{"output_type":"execute_result","data":{"text/plain":["   Q10_education  Q11_nr_members_household  Q12_nr_children_household  \\\n","0       1.000000                       0.0                   0.000000   \n","1       0.285714                       0.0                   0.000000   \n","2       0.428571                       0.0                   0.000000   \n","3       0.285714                       0.0                   0.000000   \n","4       0.428571                       0.2                   0.166667   \n","\n","   age_num  Q1_2_covid_is_threat  Q2_1_easy_to_follow_advice  \\\n","0      1.0              0.632691                    0.666667   \n","1      0.8              1.000000                    1.000000   \n","2      0.8              1.000000                    1.000000   \n","3      0.8              0.833333                    0.000000   \n","4      0.6              0.666667                    0.000000   \n","\n","   Q2_2_can_follow_advice_if_wanted  Q2_3_if_follow_advice_safe  \\\n","0                               1.0                    0.500000   \n","1                               1.0                    0.666667   \n","2                               1.0                    1.000000   \n","3                               1.0                    0.166667   \n","4                               0.0                    0.166667   \n","\n","   Q2_4_if_follow_advice_others_safe  \\\n","0                                1.0   \n","1                                1.0   \n","2                                1.0   \n","3                                0.0   \n","4                                0.0   \n","\n","   Q2_5_follow_advice_relationships_impared  ...  \\\n","0                                  0.500000  ...   \n","1                                  0.833333  ...   \n","2                                  0.500000  ...   \n","3                                  1.000000  ...   \n","4                                  0.166667  ...   \n","\n","   Q6_3_others_can_avoid_spreading  Q6_5_ownership_of_advice  \\\n","0                         0.666667                       1.0   \n","1                         0.666667                       1.0   \n","2                         0.666667                       0.5   \n","3                         0.500000                       0.0   \n","4                         0.166667                       0.0   \n","\n","   Q6_6_clear_information_on_advice_reason  \\\n","0                                 1.000000   \n","1                                 0.833333   \n","2                                 1.000000   \n","3                                 1.000000   \n","4                                 0.166667   \n","\n","   Q6_7_advice_limits_daily_activities  Q6_9_trust_political_strategy  \\\n","0                             0.833333                       0.833333   \n","1                             0.166667                       1.000000   \n","2                             0.166667                       1.000000   \n","3                             0.333333                       1.000000   \n","4                             0.000000                       0.000000   \n","\n","   Q7_1_last_week_fever  Q7_2_last_week_cough  Q7_3_last_week_sore_throat  \\\n","0                   0.0                   0.0                         0.0   \n","1                   0.0                   0.0                         0.0   \n","2                   0.0                   0.0                         0.0   \n","3                   0.0                   0.0                         0.0   \n","4                   0.0                   0.0                         0.0   \n","\n","   Q7_4_last_week_no_smell_taste  Q7_5_last_week_shortness_breath  \n","0                            0.0                              0.0  \n","1                            0.0                              0.0  \n","2                            0.0                              0.0  \n","3                            0.0                              0.0  \n","4                            0.0                              0.0  \n","\n","[5 rows x 31 columns]"],"text/html":["\n","  <div id=\"df-037de1eb-f149-45e2-a543-ab6e01dc8f69\">\n","    <div class=\"colab-df-container\">\n","      <div>\n","<style scoped>\n","    .dataframe tbody tr th:only-of-type {\n","        vertical-align: middle;\n","    }\n","\n","    .dataframe tbody tr th {\n","        vertical-align: top;\n","    }\n","\n","    .dataframe thead th {\n","        text-align: right;\n","    }\n","</style>\n","<table border=\"1\" class=\"dataframe\">\n","  <thead>\n","    <tr style=\"text-align: right;\">\n","      <th></th>\n","      <th>Q10_education</th>\n","      <th>Q11_nr_members_household</th>\n","      <th>Q12_nr_children_household</th>\n","      <th>age_num</th>\n","      <th>Q1_2_covid_is_threat</th>\n","      <th>Q2_1_easy_to_follow_advice</th>\n","      <th>Q2_2_can_follow_advice_if_wanted</th>\n","      <th>Q2_3_if_follow_advice_safe</th>\n","      <th>Q2_4_if_follow_advice_others_safe</th>\n","      <th>Q2_5_follow_advice_relationships_impared</th>\n","      <th>...</th>\n","      <th>Q6_3_others_can_avoid_spreading</th>\n","      <th>Q6_5_ownership_of_advice</th>\n","      <th>Q6_6_clear_information_on_advice_reason</th>\n","      <th>Q6_7_advice_limits_daily_activities</th>\n","      <th>Q6_9_trust_political_strategy</th>\n","      <th>Q7_1_last_week_fever</th>\n","      <th>Q7_2_last_week_cough</th>\n","      <th>Q7_3_last_week_sore_throat</th>\n","      <th>Q7_4_last_week_no_smell_taste</th>\n","      <th>Q7_5_last_week_shortness_breath</th>\n","    </tr>\n","  </thead>\n","  <tbody>\n","    <tr>\n","      <th>0</th>\n","      <td>1.000000</td>\n","      <td>0.0</td>\n","      <td>0.000000</td>\n","      <td>1.0</td>\n","      <td>0.632691</td>\n","      <td>0.666667</td>\n","      <td>1.0</td>\n","      <td>0.500000</td>\n","      <td>1.0</td>\n","      <td>0.500000</td>\n","      <td>...</td>\n","      <td>0.666667</td>\n","      <td>1.0</td>\n","      <td>1.000000</td>\n","      <td>0.833333</td>\n","      <td>0.833333</td>\n","      <td>0.0</td>\n","      <td>0.0</td>\n","      <td>0.0</td>\n","      <td>0.0</td>\n","      <td>0.0</td>\n","    </tr>\n","    <tr>\n","      <th>1</th>\n","      <td>0.285714</td>\n","      <td>0.0</td>\n","      <td>0.000000</td>\n","      <td>0.8</td>\n","      <td>1.000000</td>\n","      <td>1.000000</td>\n","      <td>1.0</td>\n","      <td>0.666667</td>\n","      <td>1.0</td>\n","      <td>0.833333</td>\n","      <td>...</td>\n","      <td>0.666667</td>\n","      <td>1.0</td>\n","      <td>0.833333</td>\n","      <td>0.166667</td>\n","      <td>1.000000</td>\n","      <td>0.0</td>\n","      <td>0.0</td>\n","      <td>0.0</td>\n","      <td>0.0</td>\n","      <td>0.0</td>\n","    </tr>\n","    <tr>\n","      <th>2</th>\n","      <td>0.428571</td>\n","      <td>0.0</td>\n","      <td>0.000000</td>\n","      <td>0.8</td>\n","      <td>1.000000</td>\n","      <td>1.000000</td>\n","      <td>1.0</td>\n","      <td>1.000000</td>\n","      <td>1.0</td>\n","      <td>0.500000</td>\n","      <td>...</td>\n","      <td>0.666667</td>\n","      <td>0.5</td>\n","      <td>1.000000</td>\n","      <td>0.166667</td>\n","      <td>1.000000</td>\n","      <td>0.0</td>\n","      <td>0.0</td>\n","      <td>0.0</td>\n","      <td>0.0</td>\n","      <td>0.0</td>\n","    </tr>\n","    <tr>\n","      <th>3</th>\n","      <td>0.285714</td>\n","      <td>0.0</td>\n","      <td>0.000000</td>\n","      <td>0.8</td>\n","      <td>0.833333</td>\n","      <td>0.000000</td>\n","      <td>1.0</td>\n","      <td>0.166667</td>\n","      <td>0.0</td>\n","      <td>1.000000</td>\n","      <td>...</td>\n","      <td>0.500000</td>\n","      <td>0.0</td>\n","      <td>1.000000</td>\n","      <td>0.333333</td>\n","      <td>1.000000</td>\n","      <td>0.0</td>\n","      <td>0.0</td>\n","      <td>0.0</td>\n","      <td>0.0</td>\n","      <td>0.0</td>\n","    </tr>\n","    <tr>\n","      <th>4</th>\n","      <td>0.428571</td>\n","      <td>0.2</td>\n","      <td>0.166667</td>\n","      <td>0.6</td>\n","      <td>0.666667</td>\n","      <td>0.000000</td>\n","      <td>0.0</td>\n","      <td>0.166667</td>\n","      <td>0.0</td>\n","      <td>0.166667</td>\n","      <td>...</td>\n","      <td>0.166667</td>\n","      <td>0.0</td>\n","      <td>0.166667</td>\n","      <td>0.000000</td>\n","      <td>0.000000</td>\n","      <td>0.0</td>\n","      <td>0.0</td>\n","      <td>0.0</td>\n","      <td>0.0</td>\n","      <td>0.0</td>\n","    </tr>\n","  </tbody>\n","</table>\n","<p>5 rows × 31 columns</p>\n","</div>\n","      <button class=\"colab-df-convert\" onclick=\"convertToInteractive('df-037de1eb-f149-45e2-a543-ab6e01dc8f69')\"\n","              title=\"Convert this dataframe to an interactive table.\"\n","              style=\"display:none;\">\n","        \n","  <svg xmlns=\"http://www.w3.org/2000/svg\" height=\"24px\"viewBox=\"0 0 24 24\"\n","       width=\"24px\">\n","    <path d=\"M0 0h24v24H0V0z\" fill=\"none\"/>\n","    <path d=\"M18.56 5.44l.94 2.06.94-2.06 2.06-.94-2.06-.94-.94-2.06-.94 2.06-2.06.94zm-11 1L8.5 8.5l.94-2.06 2.06-.94-2.06-.94L8.5 2.5l-.94 2.06-2.06.94zm10 10l.94 2.06.94-2.06 2.06-.94-2.06-.94-.94-2.06-.94 2.06-2.06.94z\"/><path d=\"M17.41 7.96l-1.37-1.37c-.4-.4-.92-.59-1.43-.59-.52 0-1.04.2-1.43.59L10.3 9.45l-7.72 7.72c-.78.78-.78 2.05 0 2.83L4 21.41c.39.39.9.59 1.41.59.51 0 1.02-.2 1.41-.59l7.78-7.78 2.81-2.81c.8-.78.8-2.07 0-2.86zM5.41 20L4 18.59l7.72-7.72 1.47 1.35L5.41 20z\"/>\n","  </svg>\n","      </button>\n","      \n","  <style>\n","    .colab-df-container {\n","      display:flex;\n","      flex-wrap:wrap;\n","      gap: 12px;\n","    }\n","\n","    .colab-df-convert {\n","      background-color: #E8F0FE;\n","      border: none;\n","      border-radius: 50%;\n","      cursor: pointer;\n","      display: none;\n","      fill: #1967D2;\n","      height: 32px;\n","      padding: 0 0 0 0;\n","      width: 32px;\n","    }\n","\n","    .colab-df-convert:hover {\n","      background-color: #E2EBFA;\n","      box-shadow: 0px 1px 2px rgba(60, 64, 67, 0.3), 0px 1px 3px 1px rgba(60, 64, 67, 0.15);\n","      fill: #174EA6;\n","    }\n","\n","    [theme=dark] .colab-df-convert {\n","      background-color: #3B4455;\n","      fill: #D2E3FC;\n","    }\n","\n","    [theme=dark] .colab-df-convert:hover {\n","      background-color: #434B5C;\n","      box-shadow: 0px 1px 3px 1px rgba(0, 0, 0, 0.15);\n","      filter: drop-shadow(0px 1px 2px rgba(0, 0, 0, 0.3));\n","      fill: #FFFFFF;\n","    }\n","  </style>\n","\n","      <script>\n","        const buttonEl =\n","          document.querySelector('#df-037de1eb-f149-45e2-a543-ab6e01dc8f69 button.colab-df-convert');\n","        buttonEl.style.display =\n","          google.colab.kernel.accessAllowed ? 'block' : 'none';\n","\n","        async function convertToInteractive(key) {\n","          const element = document.querySelector('#df-037de1eb-f149-45e2-a543-ab6e01dc8f69');\n","          const dataTable =\n","            await google.colab.kernel.invokeFunction('convertToInteractive',\n","                                                     [key], {});\n","          if (!dataTable) return;\n","\n","          const docLinkHtml = 'Like what you see? Visit the ' +\n","            '<a target=\"_blank\" href=https://colab.research.google.com/notebooks/data_table.ipynb>data table notebook</a>'\n","            + ' to learn more about interactive tables.';\n","          element.innerHTML = '';\n","          dataTable['output_type'] = 'display_data';\n","          await google.colab.output.renderOutput(dataTable, element);\n","          const docLink = document.createElement('div');\n","          docLink.innerHTML = docLinkHtml;\n","          element.appendChild(docLink);\n","        }\n","      </script>\n","    </div>\n","  </div>\n","  "]},"metadata":{},"execution_count":16}]},{"cell_type":"markdown","source":["# Correlation Matrix"],"metadata":{"id":"QKlUpO96tGJO"}},{"cell_type":"code","source":["corr = df_beh.corr()"],"metadata":{"id":"8fFJ0ct8dJRE"},"execution_count":null,"outputs":[]},{"cell_type":"code","source":["import plotly.express as px\n","\n","fig = px.imshow(corr, width=1100, height=1100, color_continuous_scale='RdBu_r', range_color=[-1,1])\n","fig.update_layout(\n","    xaxis = dict(\n","        tickmode = 'array',\n","        tickvals = np.arange(62),\n","        ticktext = corr.columns.values),\n","    yaxis = dict(\n","        tickmode = 'array',\n","        tickvals = np.arange(62),\n","        ticktext = corr.columns.values\n","    )\n",")\n","fig.show()"],"metadata":{"colab":{"base_uri":"https://localhost:8080/","height":1000},"id":"xya5JUFQdJTZ","executionInfo":{"status":"ok","timestamp":1648734506405,"user_tz":-120,"elapsed":1811,"user":{"displayName":"Timo9092","userId":"13096063072157218091"}},"outputId":"1e54eb87-752c-4067-9390-2822f2cd1cca"},"execution_count":null,"outputs":[{"output_type":"display_data","data":{"text/html":["<html>\n","<head><meta charset=\"utf-8\" /></head>\n","<body>\n","    <div>            <script src=\"https://cdnjs.cloudflare.com/ajax/libs/mathjax/2.7.5/MathJax.js?config=TeX-AMS-MML_SVG\"></script><script type=\"text/javascript\">if (window.MathJax) {MathJax.Hub.Config({SVG: {font: \"STIX-Web\"}});}</script>                <script type=\"text/javascript\">window.PlotlyConfig = {MathJaxConfig: 'local'};</script>\n","        <script src=\"https://cdn.plot.ly/plotly-2.8.3.min.js\"></script>                <div id=\"04b13a3e-cea5-4625-ba82-41e5bbf3439c\" class=\"plotly-graph-div\" style=\"height:1100px; width:1100px;\"></div>            <script type=\"text/javascript\">                                    window.PLOTLYENV=window.PLOTLYENV || {};                                    if (document.getElementById(\"04b13a3e-cea5-4625-ba82-41e5bbf3439c\")) {                    Plotly.newPlot(                        \"04b13a3e-cea5-4625-ba82-41e5bbf3439c\",                        [{\"coloraxis\":\"coloraxis\",\"name\":\"0\",\"x\":[\"Q1_2_covid_is_threat\",\"Q2_1_easy_to_follow_advice\",\"Q2_2_can_follow_advice_if_wanted\",\"Q2_3_if_follow_advice_safe\",\"Q2_4_if_follow_advice_others_safe\",\"Q2_5_follow_advice_relationships_impared\",\"Q2_6_follow_advice_life_degraded\",\"Q3_1_aware_hand_hygiene\",\"Q3_2_avoid_contact\",\"Q3_3_ensure_frequent_cleaning\",\"Q3_4_avoid_risk_groups\",\"Q3_5_keep_distance\",\"Q3_6_avoid_crowds\",\"Q3_7_minimize_activities_w_contact\",\"Q5_4_yourself_kept_distance\",\"Q5_5_feel_urge_scold\",\"Q6_2_advices_important\",\"Q6_3_others_can_avoid_spreading\",\"Q6_5_ownership_of_advice\",\"Q6_6_clear_information_on_advice_reason\",\"Q6_7_advice_limits_daily_activities\",\"Q6_9_trust_political_strategy\",\"Ny1_nr_times_wearing_masks_last_week\"],\"y\":[\"Q1_2_covid_is_threat\",\"Q2_1_easy_to_follow_advice\",\"Q2_2_can_follow_advice_if_wanted\",\"Q2_3_if_follow_advice_safe\",\"Q2_4_if_follow_advice_others_safe\",\"Q2_5_follow_advice_relationships_impared\",\"Q2_6_follow_advice_life_degraded\",\"Q3_1_aware_hand_hygiene\",\"Q3_2_avoid_contact\",\"Q3_3_ensure_frequent_cleaning\",\"Q3_4_avoid_risk_groups\",\"Q3_5_keep_distance\",\"Q3_6_avoid_crowds\",\"Q3_7_minimize_activities_w_contact\",\"Q5_4_yourself_kept_distance\",\"Q5_5_feel_urge_scold\",\"Q6_2_advices_important\",\"Q6_3_others_can_avoid_spreading\",\"Q6_5_ownership_of_advice\",\"Q6_6_clear_information_on_advice_reason\",\"Q6_7_advice_limits_daily_activities\",\"Q6_9_trust_political_strategy\",\"Ny1_nr_times_wearing_masks_last_week\"],\"z\":[[1.0,0.09117845932570945,0.08889252095267675,0.15695167211878408,0.15819027020957696,0.03785411717171696,-0.035880993868386626,0.19318648282351955,0.24853694752627703,0.19728553273029098,0.19111604577524768,0.2319406834759258,0.2556187445780744,0.26202629813295575,0.22126061991707707,0.15520159398496663,0.2766363451203508,-0.028126956242810027,0.23847485735473278,0.19483017354984558,0.07227258892392913,0.2315803866727954,0.07490896212146693],[0.09117845932570945,1.0,0.5030845284057321,0.417820068812084,0.4333288726923506,-0.09292255100156262,-0.20570180969605117,0.17518733182829246,0.17493557160878442,0.1557693768259123,0.12852274214707754,0.1952201651223319,0.17158120990398898,0.1611288927406357,0.18160860726614805,0.02790623299000417,0.32987910118745306,0.14042605578766384,0.30489642329931405,0.3040815118751096,-0.13066862444423238,0.28941870188234625,-0.03487897736241718],[0.08889252095267675,0.5030845284057321,1.0,0.4441190448210978,0.49706561963023915,0.032352038861951905,-0.06506759716551626,0.12506813636620348,0.1289288267858649,0.08474804206989016,0.09946394911522423,0.1344357973451909,0.11645814709653553,0.11757916585430105,0.12284503373506885,-0.012254012836450971,0.29901508900534224,0.12411519558113014,0.2690010012614036,0.24710600390120807,-0.027909185173562636,0.2344537560708059,-0.004161006401437302],[0.15695167211878408,0.417820068812084,0.4441190448210978,1.0,0.5387321854602438,0.005849811850415384,-0.10980291100135829,0.16596529731919282,0.1838996374029287,0.13882322558313967,0.14193535765010917,0.18290118913243464,0.17701061340300575,0.17177099725008246,0.1727536587068709,0.012757558810708865,0.41134014629910254,0.17124835840362407,0.3580195084890818,0.3575950909392705,-0.04078128142794955,0.3799528227308031,-0.016003557016829952],[0.15819027020957696,0.4333288726923506,0.49706561963023915,0.5387321854602438,1.0,0.040644573295922984,-0.07770141765656391,0.1464885002582712,0.1594114371912755,0.08941132928812129,0.13363119078936922,0.14546965799613387,0.15104927532638263,0.15340512664319628,0.14548845807437494,0.013993049655265342,0.40015757131848745,0.10606080401461705,0.34109591920465604,0.3063419501103324,-0.016791999485030053,0.321046479958992,-0.00023123703322149033],[0.03785411717171696,-0.09292255100156262,0.032352038861951905,0.005849811850415384,0.040644573295922984,1.0,0.5147106977122294,-0.04567304372580394,0.023348538816210292,-0.040446913847479754,0.015323730443720375,-0.007219214438847351,0.020420693053472504,0.050206974821294464,-0.020234284963868684,-0.007388396488925444,-0.08346698223846258,-0.0019283060302439693,-0.06497889976076335,-0.0973805753616183,0.3858222122991414,-0.11133312589559688,0.11878082075950848],[-0.035880993868386626,-0.20570180969605117,-0.06506759716551626,-0.10980291100135829,-0.07770141765656391,0.5147106977122294,1.0,-0.11293641573778436,-0.06306875381488389,-0.10571160251738723,-0.05079476047598762,-0.08812295846582363,-0.0691187187586152,-0.03895557884019375,-0.09712274158736865,-0.03360716816519499,-0.2073589698000768,-0.025062879658708105,-0.17758726122755336,-0.19733199840844326,0.3946988985084833,-0.22824352315538046,0.1019663481859604],[0.19318648282351955,0.17518733182829246,0.12506813636620348,0.16596529731919282,0.1464885002582712,-0.04567304372580394,-0.11293641573778436,1.0,0.3940431410500363,0.512657868275997,0.3673732544314679,0.439896382309224,0.37672263586789195,0.352224170486329,0.42103877026046094,0.16153551021787738,0.26536357253297,0.06806340878603721,0.2842267956020978,0.2282700321883579,0.01090857442043104,0.21474656156763386,0.060400382557438605],[0.24853694752627703,0.17493557160878442,0.1289288267858649,0.1838996374029287,0.1594114371912755,0.023348538816210292,-0.06306875381488389,0.3940431410500363,1.0,0.4053478561126712,0.4949192296285049,0.6239892882157942,0.5812801661636486,0.642896648703046,0.4988110859516851,0.19726946061429382,0.28621632941636616,0.06526723744449539,0.28266398770911116,0.23651760769013383,0.09101762040628597,0.23705994146553816,0.14559275489349657],[0.19728553273029098,0.1557693768259123,0.08474804206989016,0.13882322558313967,0.08941132928812129,-0.040446913847479754,-0.10571160251738723,0.512657868275997,0.4053478561126712,1.0,0.3837240070526219,0.43635824399600437,0.4219638982692692,0.4082113070864541,0.40156337650036256,0.22208586977626008,0.22335720391010214,0.10633068724284109,0.24631622179679635,0.2242225852341048,0.04450427222947959,0.19751691711682215,0.06808595723755677],[0.19111604577524768,0.12852274214707754,0.09946394911522423,0.14193535765010917,0.13363119078936922,0.015323730443720375,-0.05079476047598762,0.3673732544314679,0.4949192296285049,0.3837240070526219,1.0,0.5114359656341,0.4922953951680408,0.486579478324866,0.43352459073752647,0.1682050714357593,0.2134213476434404,0.06845886644197306,0.22094850351541048,0.1840421682769283,0.09032654672959335,0.17622477610959786,0.11015610682656081],[0.2319406834759258,0.1952201651223319,0.1344357973451909,0.18290118913243464,0.14546965799613387,-0.007219214438847351,-0.08812295846582363,0.439896382309224,0.6239892882157942,0.43635824399600437,0.5114359656341,1.0,0.568887510071127,0.578276085673439,0.5751853421721799,0.22250811762913145,0.27548882461087415,0.09048593102066388,0.28355933449848286,0.23680352575948646,0.07802717595521931,0.23072487002096081,0.1374969956764142],[0.2556187445780744,0.17158120990398898,0.11645814709653553,0.17701061340300575,0.15104927532638263,0.020420693053472504,-0.0691187187586152,0.37672263586789195,0.5812801661636486,0.4219638982692692,0.4922953951680408,0.568887510071127,1.0,0.6723324763047621,0.4743477004292911,0.2014455870563019,0.2790335340780665,0.06338726025826079,0.2793963219274881,0.23379695723342664,0.10664604543052544,0.2325399872223927,0.12298927648967291],[0.26202629813295575,0.1611288927406357,0.11757916585430105,0.17177099725008246,0.15340512664319628,0.050206974821294464,-0.03895557884019375,0.352224170486329,0.642896648703046,0.4082113070864541,0.486579478324866,0.578276085673439,0.6723324763047621,1.0,0.46682826688708856,0.20715401788761886,0.26386691065253,0.05759722797717287,0.26546670978142917,0.22125025199605586,0.15510565039772647,0.22864456775314607,0.17540583966461143],[0.22126061991707707,0.18160860726614805,0.12284503373506885,0.1727536587068709,0.14548845807437494,-0.020234284963868684,-0.09712274158736865,0.42103877026046094,0.4988110859516851,0.40156337650036256,0.43352459073752647,0.5751853421721799,0.4743477004292911,0.46682826688708856,1.0,0.23892983652173172,0.2836887508606708,0.10788780374712126,0.29638070415519563,0.2403521225175307,0.0726114329042317,0.22979480224595725,0.1427644536077392],[0.15520159398496663,0.02790623299000417,-0.012254012836450971,0.012757558810708865,0.013993049655265342,-0.007388396488925444,-0.03360716816519499,0.16153551021787738,0.19726946061429382,0.22208586977626008,0.1682050714357593,0.22250811762913145,0.2014455870563019,0.20715401788761886,0.23892983652173172,1.0,0.1007755972551654,-0.1391381725201168,0.10885352060694986,0.07865539255921215,0.0666581873866173,0.07456476559793435,0.05610695561973686],[0.2766363451203508,0.32987910118745306,0.29901508900534224,0.41134014629910254,0.40015757131848745,-0.08346698223846258,-0.2073589698000768,0.26536357253297,0.28621632941636616,0.22335720391010214,0.2134213476434404,0.27548882461087415,0.2790335340780665,0.26386691065253,0.2836887508606708,0.1007755972551654,1.0,0.17282177444778596,0.6095102399289097,0.5537362959001514,-0.0502328273938944,0.5972876531295,-0.015899247358567833],[-0.028126956242810027,0.14042605578766384,0.12411519558113014,0.17124835840362407,0.10606080401461705,-0.0019283060302439693,-0.025062879658708105,0.06806340878603721,0.06526723744449539,0.10633068724284109,0.06845886644197306,0.09048593102066388,0.06338726025826079,0.05759722797717287,0.10788780374712126,-0.1391381725201168,0.17282177444778596,1.0,0.17631294692698415,0.21179848061295584,0.04590951986076822,0.21691239262273704,0.04348234734728726],[0.23847485735473278,0.30489642329931405,0.2690010012614036,0.3580195084890818,0.34109591920465604,-0.06497889976076335,-0.17758726122755336,0.2842267956020978,0.28266398770911116,0.24631622179679635,0.22094850351541048,0.28355933449848286,0.2793963219274881,0.26546670978142917,0.29638070415519563,0.10885352060694986,0.6095102399289097,0.17631294692698415,1.0,0.5228817738121149,-0.024273348296216905,0.5419269728617283,0.008389414884785383],[0.19483017354984558,0.3040815118751096,0.24710600390120807,0.3575950909392705,0.3063419501103324,-0.0973805753616183,-0.19733199840844326,0.2282700321883579,0.23651760769013383,0.2242225852341048,0.1840421682769283,0.23680352575948646,0.23379695723342664,0.22125025199605586,0.2403521225175307,0.07865539255921215,0.5537362959001514,0.21179848061295584,0.5228817738121149,1.0,-0.0578524830978503,0.59755707339,-0.02482074282073916],[0.07227258892392913,-0.13066862444423238,-0.027909185173562636,-0.04078128142794955,-0.016791999485030053,0.3858222122991414,0.3946988985084833,0.01090857442043104,0.09101762040628597,0.04450427222947959,0.09032654672959335,0.07802717595521931,0.10664604543052544,0.15510565039772647,0.0726114329042317,0.0666581873866173,-0.0502328273938944,0.04590951986076822,-0.024273348296216905,-0.0578524830978503,1.0,-0.08449377501738602,0.22523016899308476],[0.2315803866727954,0.28941870188234625,0.2344537560708059,0.3799528227308031,0.321046479958992,-0.11133312589559688,-0.22824352315538046,0.21474656156763386,0.23705994146553816,0.19751691711682215,0.17622477610959786,0.23072487002096081,0.2325399872223927,0.22864456775314607,0.22979480224595725,0.07456476559793435,0.5972876531295,0.21691239262273704,0.5419269728617283,0.59755707339,-0.08449377501738602,1.0,-0.022432405480612316],[0.07490896212146693,-0.03487897736241718,-0.004161006401437302,-0.016003557016829952,-0.00023123703322149033,0.11878082075950848,0.1019663481859604,0.060400382557438605,0.14559275489349657,0.06808595723755677,0.11015610682656081,0.1374969956764142,0.12298927648967291,0.17540583966461143,0.1427644536077392,0.05610695561973686,-0.015899247358567833,0.04348234734728726,0.008389414884785383,-0.02482074282073916,0.22523016899308476,-0.022432405480612316,1.0]],\"type\":\"heatmap\",\"xaxis\":\"x\",\"yaxis\":\"y\",\"hovertemplate\":\"x: %{x}<br>y: %{y}<br>color: %{z}<extra></extra>\"}],                        {\"template\":{\"data\":{\"bar\":[{\"error_x\":{\"color\":\"#2a3f5f\"},\"error_y\":{\"color\":\"#2a3f5f\"},\"marker\":{\"line\":{\"color\":\"#E5ECF6\",\"width\":0.5},\"pattern\":{\"fillmode\":\"overlay\",\"size\":10,\"solidity\":0.2}},\"type\":\"bar\"}],\"barpolar\":[{\"marker\":{\"line\":{\"color\":\"#E5ECF6\",\"width\":0.5},\"pattern\":{\"fillmode\":\"overlay\",\"size\":10,\"solidity\":0.2}},\"type\":\"barpolar\"}],\"carpet\":[{\"aaxis\":{\"endlinecolor\":\"#2a3f5f\",\"gridcolor\":\"white\",\"linecolor\":\"white\",\"minorgridcolor\":\"white\",\"startlinecolor\":\"#2a3f5f\"},\"baxis\":{\"endlinecolor\":\"#2a3f5f\",\"gridcolor\":\"white\",\"linecolor\":\"white\",\"minorgridcolor\":\"white\",\"startlinecolor\":\"#2a3f5f\"},\"type\":\"carpet\"}],\"choropleth\":[{\"colorbar\":{\"outlinewidth\":0,\"ticks\":\"\"},\"type\":\"choropleth\"}],\"contour\":[{\"colorbar\":{\"outlinewidth\":0,\"ticks\":\"\"},\"colorscale\":[[0.0,\"#0d0887\"],[0.1111111111111111,\"#46039f\"],[0.2222222222222222,\"#7201a8\"],[0.3333333333333333,\"#9c179e\"],[0.4444444444444444,\"#bd3786\"],[0.5555555555555556,\"#d8576b\"],[0.6666666666666666,\"#ed7953\"],[0.7777777777777778,\"#fb9f3a\"],[0.8888888888888888,\"#fdca26\"],[1.0,\"#f0f921\"]],\"type\":\"contour\"}],\"contourcarpet\":[{\"colorbar\":{\"outlinewidth\":0,\"ticks\":\"\"},\"type\":\"contourcarpet\"}],\"heatmap\":[{\"colorbar\":{\"outlinewidth\":0,\"ticks\":\"\"},\"colorscale\":[[0.0,\"#0d0887\"],[0.1111111111111111,\"#46039f\"],[0.2222222222222222,\"#7201a8\"],[0.3333333333333333,\"#9c179e\"],[0.4444444444444444,\"#bd3786\"],[0.5555555555555556,\"#d8576b\"],[0.6666666666666666,\"#ed7953\"],[0.7777777777777778,\"#fb9f3a\"],[0.8888888888888888,\"#fdca26\"],[1.0,\"#f0f921\"]],\"type\":\"heatmap\"}],\"heatmapgl\":[{\"colorbar\":{\"outlinewidth\":0,\"ticks\":\"\"},\"colorscale\":[[0.0,\"#0d0887\"],[0.1111111111111111,\"#46039f\"],[0.2222222222222222,\"#7201a8\"],[0.3333333333333333,\"#9c179e\"],[0.4444444444444444,\"#bd3786\"],[0.5555555555555556,\"#d8576b\"],[0.6666666666666666,\"#ed7953\"],[0.7777777777777778,\"#fb9f3a\"],[0.8888888888888888,\"#fdca26\"],[1.0,\"#f0f921\"]],\"type\":\"heatmapgl\"}],\"histogram\":[{\"marker\":{\"pattern\":{\"fillmode\":\"overlay\",\"size\":10,\"solidity\":0.2}},\"type\":\"histogram\"}],\"histogram2d\":[{\"colorbar\":{\"outlinewidth\":0,\"ticks\":\"\"},\"colorscale\":[[0.0,\"#0d0887\"],[0.1111111111111111,\"#46039f\"],[0.2222222222222222,\"#7201a8\"],[0.3333333333333333,\"#9c179e\"],[0.4444444444444444,\"#bd3786\"],[0.5555555555555556,\"#d8576b\"],[0.6666666666666666,\"#ed7953\"],[0.7777777777777778,\"#fb9f3a\"],[0.8888888888888888,\"#fdca26\"],[1.0,\"#f0f921\"]],\"type\":\"histogram2d\"}],\"histogram2dcontour\":[{\"colorbar\":{\"outlinewidth\":0,\"ticks\":\"\"},\"colorscale\":[[0.0,\"#0d0887\"],[0.1111111111111111,\"#46039f\"],[0.2222222222222222,\"#7201a8\"],[0.3333333333333333,\"#9c179e\"],[0.4444444444444444,\"#bd3786\"],[0.5555555555555556,\"#d8576b\"],[0.6666666666666666,\"#ed7953\"],[0.7777777777777778,\"#fb9f3a\"],[0.8888888888888888,\"#fdca26\"],[1.0,\"#f0f921\"]],\"type\":\"histogram2dcontour\"}],\"mesh3d\":[{\"colorbar\":{\"outlinewidth\":0,\"ticks\":\"\"},\"type\":\"mesh3d\"}],\"parcoords\":[{\"line\":{\"colorbar\":{\"outlinewidth\":0,\"ticks\":\"\"}},\"type\":\"parcoords\"}],\"pie\":[{\"automargin\":true,\"type\":\"pie\"}],\"scatter\":[{\"marker\":{\"colorbar\":{\"outlinewidth\":0,\"ticks\":\"\"}},\"type\":\"scatter\"}],\"scatter3d\":[{\"line\":{\"colorbar\":{\"outlinewidth\":0,\"ticks\":\"\"}},\"marker\":{\"colorbar\":{\"outlinewidth\":0,\"ticks\":\"\"}},\"type\":\"scatter3d\"}],\"scattercarpet\":[{\"marker\":{\"colorbar\":{\"outlinewidth\":0,\"ticks\":\"\"}},\"type\":\"scattercarpet\"}],\"scattergeo\":[{\"marker\":{\"colorbar\":{\"outlinewidth\":0,\"ticks\":\"\"}},\"type\":\"scattergeo\"}],\"scattergl\":[{\"marker\":{\"colorbar\":{\"outlinewidth\":0,\"ticks\":\"\"}},\"type\":\"scattergl\"}],\"scattermapbox\":[{\"marker\":{\"colorbar\":{\"outlinewidth\":0,\"ticks\":\"\"}},\"type\":\"scattermapbox\"}],\"scatterpolar\":[{\"marker\":{\"colorbar\":{\"outlinewidth\":0,\"ticks\":\"\"}},\"type\":\"scatterpolar\"}],\"scatterpolargl\":[{\"marker\":{\"colorbar\":{\"outlinewidth\":0,\"ticks\":\"\"}},\"type\":\"scatterpolargl\"}],\"scatterternary\":[{\"marker\":{\"colorbar\":{\"outlinewidth\":0,\"ticks\":\"\"}},\"type\":\"scatterternary\"}],\"surface\":[{\"colorbar\":{\"outlinewidth\":0,\"ticks\":\"\"},\"colorscale\":[[0.0,\"#0d0887\"],[0.1111111111111111,\"#46039f\"],[0.2222222222222222,\"#7201a8\"],[0.3333333333333333,\"#9c179e\"],[0.4444444444444444,\"#bd3786\"],[0.5555555555555556,\"#d8576b\"],[0.6666666666666666,\"#ed7953\"],[0.7777777777777778,\"#fb9f3a\"],[0.8888888888888888,\"#fdca26\"],[1.0,\"#f0f921\"]],\"type\":\"surface\"}],\"table\":[{\"cells\":{\"fill\":{\"color\":\"#EBF0F8\"},\"line\":{\"color\":\"white\"}},\"header\":{\"fill\":{\"color\":\"#C8D4E3\"},\"line\":{\"color\":\"white\"}},\"type\":\"table\"}]},\"layout\":{\"annotationdefaults\":{\"arrowcolor\":\"#2a3f5f\",\"arrowhead\":0,\"arrowwidth\":1},\"autotypenumbers\":\"strict\",\"coloraxis\":{\"colorbar\":{\"outlinewidth\":0,\"ticks\":\"\"}},\"colorscale\":{\"diverging\":[[0,\"#8e0152\"],[0.1,\"#c51b7d\"],[0.2,\"#de77ae\"],[0.3,\"#f1b6da\"],[0.4,\"#fde0ef\"],[0.5,\"#f7f7f7\"],[0.6,\"#e6f5d0\"],[0.7,\"#b8e186\"],[0.8,\"#7fbc41\"],[0.9,\"#4d9221\"],[1,\"#276419\"]],\"sequential\":[[0.0,\"#0d0887\"],[0.1111111111111111,\"#46039f\"],[0.2222222222222222,\"#7201a8\"],[0.3333333333333333,\"#9c179e\"],[0.4444444444444444,\"#bd3786\"],[0.5555555555555556,\"#d8576b\"],[0.6666666666666666,\"#ed7953\"],[0.7777777777777778,\"#fb9f3a\"],[0.8888888888888888,\"#fdca26\"],[1.0,\"#f0f921\"]],\"sequentialminus\":[[0.0,\"#0d0887\"],[0.1111111111111111,\"#46039f\"],[0.2222222222222222,\"#7201a8\"],[0.3333333333333333,\"#9c179e\"],[0.4444444444444444,\"#bd3786\"],[0.5555555555555556,\"#d8576b\"],[0.6666666666666666,\"#ed7953\"],[0.7777777777777778,\"#fb9f3a\"],[0.8888888888888888,\"#fdca26\"],[1.0,\"#f0f921\"]]},\"colorway\":[\"#636efa\",\"#EF553B\",\"#00cc96\",\"#ab63fa\",\"#FFA15A\",\"#19d3f3\",\"#FF6692\",\"#B6E880\",\"#FF97FF\",\"#FECB52\"],\"font\":{\"color\":\"#2a3f5f\"},\"geo\":{\"bgcolor\":\"white\",\"lakecolor\":\"white\",\"landcolor\":\"#E5ECF6\",\"showlakes\":true,\"showland\":true,\"subunitcolor\":\"white\"},\"hoverlabel\":{\"align\":\"left\"},\"hovermode\":\"closest\",\"mapbox\":{\"style\":\"light\"},\"paper_bgcolor\":\"white\",\"plot_bgcolor\":\"#E5ECF6\",\"polar\":{\"angularaxis\":{\"gridcolor\":\"white\",\"linecolor\":\"white\",\"ticks\":\"\"},\"bgcolor\":\"#E5ECF6\",\"radialaxis\":{\"gridcolor\":\"white\",\"linecolor\":\"white\",\"ticks\":\"\"}},\"scene\":{\"xaxis\":{\"backgroundcolor\":\"#E5ECF6\",\"gridcolor\":\"white\",\"gridwidth\":2,\"linecolor\":\"white\",\"showbackground\":true,\"ticks\":\"\",\"zerolinecolor\":\"white\"},\"yaxis\":{\"backgroundcolor\":\"#E5ECF6\",\"gridcolor\":\"white\",\"gridwidth\":2,\"linecolor\":\"white\",\"showbackground\":true,\"ticks\":\"\",\"zerolinecolor\":\"white\"},\"zaxis\":{\"backgroundcolor\":\"#E5ECF6\",\"gridcolor\":\"white\",\"gridwidth\":2,\"linecolor\":\"white\",\"showbackground\":true,\"ticks\":\"\",\"zerolinecolor\":\"white\"}},\"shapedefaults\":{\"line\":{\"color\":\"#2a3f5f\"}},\"ternary\":{\"aaxis\":{\"gridcolor\":\"white\",\"linecolor\":\"white\",\"ticks\":\"\"},\"baxis\":{\"gridcolor\":\"white\",\"linecolor\":\"white\",\"ticks\":\"\"},\"bgcolor\":\"#E5ECF6\",\"caxis\":{\"gridcolor\":\"white\",\"linecolor\":\"white\",\"ticks\":\"\"}},\"title\":{\"x\":0.05},\"xaxis\":{\"automargin\":true,\"gridcolor\":\"white\",\"linecolor\":\"white\",\"ticks\":\"\",\"title\":{\"standoff\":15},\"zerolinecolor\":\"white\",\"zerolinewidth\":2},\"yaxis\":{\"automargin\":true,\"gridcolor\":\"white\",\"linecolor\":\"white\",\"ticks\":\"\",\"title\":{\"standoff\":15},\"zerolinecolor\":\"white\",\"zerolinewidth\":2}}},\"xaxis\":{\"anchor\":\"y\",\"domain\":[0.0,1.0],\"scaleanchor\":\"y\",\"constrain\":\"domain\",\"tickmode\":\"array\",\"tickvals\":[0,1,2,3,4,5,6,7,8,9,10,11,12,13,14,15,16,17,18,19,20,21,22,23,24,25,26,27,28,29,30,31,32,33,34,35,36,37,38,39,40,41,42,43,44,45,46,47,48,49,50,51,52,53,54,55,56,57,58,59,60,61],\"ticktext\":[\"Q1_2_covid_is_threat\",\"Q2_1_easy_to_follow_advice\",\"Q2_2_can_follow_advice_if_wanted\",\"Q2_3_if_follow_advice_safe\",\"Q2_4_if_follow_advice_others_safe\",\"Q2_5_follow_advice_relationships_impared\",\"Q2_6_follow_advice_life_degraded\",\"Q3_1_aware_hand_hygiene\",\"Q3_2_avoid_contact\",\"Q3_3_ensure_frequent_cleaning\",\"Q3_4_avoid_risk_groups\",\"Q3_5_keep_distance\",\"Q3_6_avoid_crowds\",\"Q3_7_minimize_activities_w_contact\",\"Q5_4_yourself_kept_distance\",\"Q5_5_feel_urge_scold\",\"Q6_2_advices_important\",\"Q6_3_others_can_avoid_spreading\",\"Q6_5_ownership_of_advice\",\"Q6_6_clear_information_on_advice_reason\",\"Q6_7_advice_limits_daily_activities\",\"Q6_9_trust_political_strategy\",\"Ny1_nr_times_wearing_masks_last_week\"]},\"yaxis\":{\"anchor\":\"x\",\"domain\":[0.0,1.0],\"autorange\":\"reversed\",\"constrain\":\"domain\",\"tickmode\":\"array\",\"tickvals\":[0,1,2,3,4,5,6,7,8,9,10,11,12,13,14,15,16,17,18,19,20,21,22,23,24,25,26,27,28,29,30,31,32,33,34,35,36,37,38,39,40,41,42,43,44,45,46,47,48,49,50,51,52,53,54,55,56,57,58,59,60,61],\"ticktext\":[\"Q1_2_covid_is_threat\",\"Q2_1_easy_to_follow_advice\",\"Q2_2_can_follow_advice_if_wanted\",\"Q2_3_if_follow_advice_safe\",\"Q2_4_if_follow_advice_others_safe\",\"Q2_5_follow_advice_relationships_impared\",\"Q2_6_follow_advice_life_degraded\",\"Q3_1_aware_hand_hygiene\",\"Q3_2_avoid_contact\",\"Q3_3_ensure_frequent_cleaning\",\"Q3_4_avoid_risk_groups\",\"Q3_5_keep_distance\",\"Q3_6_avoid_crowds\",\"Q3_7_minimize_activities_w_contact\",\"Q5_4_yourself_kept_distance\",\"Q5_5_feel_urge_scold\",\"Q6_2_advices_important\",\"Q6_3_others_can_avoid_spreading\",\"Q6_5_ownership_of_advice\",\"Q6_6_clear_information_on_advice_reason\",\"Q6_7_advice_limits_daily_activities\",\"Q6_9_trust_political_strategy\",\"Ny1_nr_times_wearing_masks_last_week\"]},\"coloraxis\":{\"colorscale\":[[0.0,\"rgb(5,48,97)\"],[0.1,\"rgb(33,102,172)\"],[0.2,\"rgb(67,147,195)\"],[0.3,\"rgb(146,197,222)\"],[0.4,\"rgb(209,229,240)\"],[0.5,\"rgb(247,247,247)\"],[0.6,\"rgb(253,219,199)\"],[0.7,\"rgb(244,165,130)\"],[0.8,\"rgb(214,96,77)\"],[0.9,\"rgb(178,24,43)\"],[1.0,\"rgb(103,0,31)\"]],\"cmin\":-1,\"cmax\":1},\"margin\":{\"t\":60},\"height\":1100,\"width\":1100},                        {\"responsive\": true}                    ).then(function(){\n","                            \n","var gd = document.getEle