{"nbformat":4,"nbformat_minor":0,"metadata":{"colab":{"name":"Korrelationsmatrix.ipynb","provenance":[],"authorship_tag":"ABX9TyMZxbyZUGJRDLtfM9AwG2RX"},"kernelspec":{"name":"python3","display_name":"Python 3"},"language_info":{"name":"python"}},"cells":[{"cell_type":"code","execution_count":1,"metadata":{"colab":{"base_uri":"https://localhost:8080/","height":362},"id":"6WrtugK76kaH","executionInfo":{"status":"error","timestamp":1643044961208,"user_tz":-60,"elapsed":2842,"user":{"displayName":"Anuar Santoyo","photoUrl":"https://lh3.googleusercontent.com/a/default-user=s64","userId":"15430604778782296413"}},"outputId":"85b0d792-14cf-4b81-bc11-eddbf60159a2"},"outputs":[{"output_type":"error","ename":"MessageError","evalue":"ignored","traceback":["\u001b[0;31m---------------------------------------------------------------------------\u001b[0m","\u001b[0;31mMessageError\u001b[0m                              Traceback (most recent call last)","\u001b[0;32m<ipython-input-1-2a94215514bb>\u001b[0m in \u001b[0;36m<module>\u001b[0;34m()\u001b[0m\n\u001b[1;32m      3\u001b[0m \u001b[0;32mimport\u001b[0m \u001b[0mmatplotlib\u001b[0m\u001b[0;34m.\u001b[0m\u001b[0mpyplot\u001b[0m \u001b[0;32mas\u001b[0m \u001b[0mplt\u001b[0m\u001b[0;34m\u001b[0m\u001b[0;34m\u001b[0m\u001b[0m\n\u001b[1;32m      4\u001b[0m \u001b[0;32mfrom\u001b[0m \u001b[0mgoogle\u001b[0m\u001b[0;34m.\u001b[0m\u001b[0mcolab\u001b[0m \u001b[0;32mimport\u001b[0m \u001b[0mdrive\u001b[0m\u001b[0;34m\u001b[0m\u001b[0;34m\u001b[0m\u001b[0m\n\u001b[0;32m----> 5\u001b[0;31m \u001b[0mdrive\u001b[0m\u001b[0;34m.\u001b[0m\u001b[0mmount\u001b[0m\u001b[0;34m(\u001b[0m\u001b[0;34m'/content/drive'\u001b[0m\u001b[0;34m)\u001b[0m\u001b[0;34m\u001b[0m\u001b[0;34m\u001b[0m\u001b[0m\n\u001b[0m","\u001b[0;32m/usr/local/lib/python3.7/dist-packages/google/colab/drive.py\u001b[0m in \u001b[0;36mmount\u001b[0;34m(mountpoint, force_remount, timeout_ms, use_metadata_server)\u001b[0m\n\u001b[1;32m    111\u001b[0m       \u001b[0mtimeout_ms\u001b[0m\u001b[0;34m=\u001b[0m\u001b[0mtimeout_ms\u001b[0m\u001b[0;34m,\u001b[0m\u001b[0;34m\u001b[0m\u001b[0;34m\u001b[0m\u001b[0m\n\u001b[1;32m    112\u001b[0m       \u001b[0muse_metadata_server\u001b[0m\u001b[0;34m=\u001b[0m\u001b[0muse_metadata_server\u001b[0m\u001b[0;34m,\u001b[0m\u001b[0;34m\u001b[0m\u001b[0;34m\u001b[0m\u001b[0m\n\u001b[0;32m--> 113\u001b[0;31m       ephemeral=ephemeral)\n\u001b[0m\u001b[1;32m    114\u001b[0m \u001b[0;34m\u001b[0m\u001b[0m\n\u001b[1;32m    115\u001b[0m \u001b[0;34m\u001b[0m\u001b[0m\n","\u001b[0;32m/usr/local/lib/python3.7/dist-packages/google/colab/drive.py\u001b[0m in \u001b[0;36m_mount\u001b[0;34m(mountpoint, force_remount, timeout_ms, use_metadata_server, ephemeral)\u001b[0m\n\u001b[1;32m    134\u001b[0m   \u001b[0;32mif\u001b[0m \u001b[0mephemeral\u001b[0m\u001b[0;34m:\u001b[0m\u001b[0;34m\u001b[0m\u001b[0;34m\u001b[0m\u001b[0m\n\u001b[1;32m    135\u001b[0m     _message.blocking_request(\n\u001b[0;32m--> 136\u001b[0;31m         'request_auth', request={'authType': 'dfs_ephemeral'}, timeout_sec=None)\n\u001b[0m\u001b[1;32m    137\u001b[0m \u001b[0;34m\u001b[0m\u001b[0m\n\u001b[1;32m    138\u001b[0m   \u001b[0mmountpoint\u001b[0m \u001b[0;34m=\u001b[0m \u001b[0m_os\u001b[0m\u001b[0;34m.\u001b[0m\u001b[0mpath\u001b[0m\u001b[0;34m.\u001b[0m\u001b[0mexpanduser\u001b[0m\u001b[0;34m(\u001b[0m\u001b[0mmountpoint\u001b[0m\u001b[0;34m)\u001b[0m\u001b[0;34m\u001b[0m\u001b[0;34m\u001b[0m\u001b[0m\n","\u001b[0;32m/usr/local/lib/python3.7/dist-packages/google/colab/_message.py\u001b[0m in \u001b[0;36mblocking_request\u001b[0;34m(request_type, request, timeout_sec, parent)\u001b[0m\n\u001b[1;32m    173\u001b[0m   request_id = send_request(\n\u001b[1;32m    174\u001b[0m       request_type, request, parent=parent, expect_reply=True)\n\u001b[0;32m--> 175\u001b[0;31m   \u001b[0;32mreturn\u001b[0m \u001b[0mread_reply_from_input\u001b[0m\u001b[0;34m(\u001b[0m\u001b[0mrequest_id\u001b[0m\u001b[0;34m,\u001b[0m \u001b[0mtimeout_sec\u001b[0m\u001b[0;34m)\u001b[0m\u001b[0;34m\u001b[0m\u001b[0;34m\u001b[0m\u001b[0m\n\u001b[0m","\u001b[0;32m/usr/local/lib/python3.7/dist-packages/google/colab/_message.py\u001b[0m in \u001b[0;36mread_reply_from_input\u001b[0;34m(message_id, timeout_sec)\u001b[0m\n\u001b[1;32m    104\u001b[0m         reply.get('colab_msg_id') == message_id):\n\u001b[1;32m    105\u001b[0m       \u001b[0;32mif\u001b[0m \u001b[0;34m'error'\u001b[0m \u001b[0;32min\u001b[0m \u001b[0mreply\u001b[0m\u001b[0;34m:\u001b[0m\u001b[0;34m\u001b[0m\u001b[0;34m\u001b[0m\u001b[0m\n\u001b[0;32m--> 106\u001b[0;31m         \u001b[0;32mraise\u001b[0m \u001b[0mMessageError\u001b[0m\u001b[0;34m(\u001b[0m\u001b[0mreply\u001b[0m\u001b[0;34m[\u001b[0m\u001b[0;34m'error'\u001b[0m\u001b[0;34m]\u001b[0m\u001b[0;34m)\u001b[0m\u001b[0;34m\u001b[0m\u001b[0;34m\u001b[0m\u001b[0m\n\u001b[0m\u001b[1;32m    107\u001b[0m       \u001b[0;32mreturn\u001b[0m \u001b[0mreply\u001b[0m\u001b[0;34m.\u001b[0m\u001b[0mget\u001b[0m\u001b[0;34m(\u001b[0m\u001b[0;34m'data'\u001b[0m\u001b[0;34m,\u001b[0m \u001b[0;32mNone\u001b[0m\u001b[0;34m)\u001b[0m\u001b[0;34m\u001b[0m\u001b[0;34m\u001b[0m\u001b[0m\n\u001b[1;32m    108\u001b[0m \u001b[0;34m\u001b[0m\u001b[0m\n","\u001b[0;31mMessageError\u001b[0m: Error: credential propagation was unsuccessful"]}],"source":["import pandas as pd\n","import numpy as np\n","import matplotlib.pyplot as plt\n","from google.colab import drive\n","drive.mount('/content/drive')"]},{"cell_type":"code","source":["df = pd.read_csv('/content/drive/MyDrive/Masterarbeit/01_Data/19012022_processed_data.csv', sep=';', thousands='.', decimal=',', encoding='utf-8', index_col=0)\n"],"metadata":{"id":"NqmtuPZl7ByN"},"execution_count":null,"outputs":[]},{"cell_type":"code","source":["import plotly.express as px\n","\n","fig = px.imshow(corr, width=900, height=900, color_continuous_scale='RdBu_r', range_color=[-1,1])\n","fig.update_layout(\n","    xaxis = dict(\n","        tickmode = 'array',\n","        tickvals = np.arange(62),\n","        ticktext = corr.columns.values),\n","    yaxis = dict(\n","        tickmode = 'array',\n","        tickvals = np.arange(62),\n","        ticktext = corr.columns.values\n","    )\n",")\n","fig.show()"],"metadata":{"colab":{"base_uri":"https://localhost:8080/"},"id":"oAj4V5_p9teJ","executionInfo":{"status":"ok","timestamp":1642678508433,"user_tz":-60,"elapsed":761,"user":{"displayName":"Anuar Santoyo","photoUrl":"https://lh3.googleusercontent.com/a/default-user=s64","userId":"15430604778782296413"}},"outputId":"c9409ca5-667c-41b0-924c-8bd356f5d785"},"execution_count":null,"outputs":[{"output_type":"display_data","data":{"text/html":["<html>\n","<head><meta charset=\"utf-8\" /></head>\n","<body>\n","    <div>\n","            <script src=\"https://cdnjs.cloudflare.com/ajax/libs/mathjax/2.7.5/MathJax.js?config=TeX-AMS-MML_SVG\"></script><script type=\"text/javascript\">if (window.MathJax) {MathJax.Hub.Config({SVG: {font: \"STIX-Web\"}});}</script>\n","                <script type=\"text/javascript\">window.PlotlyConfig = {MathJaxConfig: 'local'};</script>\n","        <script src=\"https://cdn.plot.ly/plotly-latest.min.js\"></script>    \n","            <div id=\"7b571236-6a32-4ed2-950c-8b561e5b386c\" class=\"plotly-graph-div\" style=\"height:900px; width:900px;\"></div>\n","            <script type=\"text/javascript\">\n","                \n","                    window.PLOTLYENV=window.PLOTLYENV || {};\n","                    \n","                if (document.getElementById(\"7b571236-6a32-4ed2-950c-8b561e5b386c\")) {\n","                    Plotly.newPlot(\n","                        '7b571236-6a32-4ed2-950c-8b561e5b386c',\n","                        [{\"coloraxis\": \"coloraxis\", \"type\": \"heatmap\", \"z\": [[1.0, -0.006561144754464512, -0.008085340700780805, 0.004975930093090023, -0.006863683815710477, 0.012687562416327165, -0.00866067726687585, -0.018896930668112943, -0.00032425757205516474, -0.02264290276694528, -0.0051439639534649395, -0.029119258303254028, 0.004737746878766182, 0.01404989846208116, 0.016406922597693545, 0.0017724570452825258, 0.013565551685769306, 0.027154901474460615, 0.016398899860896668, -0.022649166812517583, 0.004768520322382621, -0.0025606628448841583, -0.0026690546003365705, -0.006201767984304205, -8.185509317200879e-05, -0.0007636066730608568, -0.0034522515521095525, -0.005744668949505233, 0.027835240847150937, 0.025244604226965752, -0.002770533416388501, 0.015935497879064498, 0.0031408482424714547, 0.008657474624005864, 0.002925253609387211, 0.039112333071209156, 0.018065067793785538, 0.001561727932699994, 0.01686370321607928, -0.025431625276663965, 0.018392403845212055, 0.021475182991907222, -0.03617436966761062, -0.003490522474143112, -0.003030448651768121, -0.010739047110083421, 0.0012766951284825581, -0.006125050715949001, -0.026552704520564192, -0.159889833067501, 0.003644423272875465, 0.012123879805003087, 0.03920178912455197, -0.01601449630437877, -0.01585981019161372, 0.05717613943819688, 0.011653801407933104, 0.050655171616754265, -0.02216417189043149, 0.004855226732270299, -0.00890810572390349, -0.005401595249858096], [-0.006561144754464512, 1.0, 0.9842863886772567, -0.019431468683442633, -0.04806041492472972, -0.05219524295642967, 0.014581812304268041, 0.019300446529693264, 0.026440254853345193, -0.009719419223594787, 0.022878270546158878, 0.03179701255529595, -0.04777507215457163, -0.08585468122859893, -0.042813826377580126, -0.09583157080287111, -0.05030675457539179, -0.06756737224356615, -0.05045903238868228, -0.03864333744372204, -0.00044187153542701044, -0.004041612256782347, 0.002196896943142072, -0.0006997578990015948, 0.002459954399855149, 0.002668997868739641, -0.0024024298920886774, -0.0018965573327182508, -0.04060676750126838, -0.027643674402302063, -0.020285329103639674, -0.07004850062225715, -0.061174798595591905, 0.0386849975490347, -0.05262621118883281, 0.0434754351321941, -0.0515623821712899, -0.028019798672464607, -0.01689988995664149, 0.05763741496989314, 0.03395014817040453, -0.04887157726046704, 0.11495270633712938, 0.02527097444680294, 0.01572126366992201, 0.0002603732383938322, 0.004898810669136361, 0.006916952953102142, -0.08568425107299457, 0.02625225784434857, -0.02063166765552349, -0.016645193609244283, 0.022463259504573414, -0.02174698683259811, -0.0015298303499619002, -0.010902198858224613, 0.037269161159871826, -0.06801246781248216, -0.042753252440266176, 0.05711969602808129, 0.3940822725493102, 0.026847662115921374], [-0.008085340700780805, 0.9842863886772567, 1.0, -0.011288975111643113, -0.047001726870569464, -0.0470532393519285, 0.014279011451520742, 0.02010705452030768, 0.02697015084288967, -0.008524618266644335, 0.02635228057225635, 0.03489589353750298, -0.04757154666687891, -0.08021199599595388, -0.04113147933462935, -0.0918158896548579, -0.0456126927839512, -0.061586378030960974, -0.04230200857497343, -0.03802615922943431, -0.001088441773352388, -0.0005237647437923059, 0.002090306243532749, -0.0007741580089448884, 0.0022902887803691904, 0.0025968530125848356, -0.002596024703792345, -0.001983893776373392, -0.03581738037632195, -0.0229560422180867, -0.02019850196455051, -0.06597671823896412, -0.060629857610607255, 0.039074646788399364, -0.05110427328412735, 0.044978385385158706, -0.05023108126418305, -0.025954651026192235, -0.015196985549814104, 0.06521145856043925, 0.03326612109632151, -0.04721341238422295, 0.12629203006499687, 0.025469107838797096, 0.01627647865361295, 0.0010824132674292523, 0.0055558964809761325, 0.007086631236352998, -0.08233942608342468, 0.025902827661183066, -0.020274453742350037, -0.01583150294705451, 0.02121867823846064, -0.021647582986686082, -0.0015365033343579277, -0.010927321510109013, 0.0372670838900766, -0.0680062133283924, -0.043090765731498004, 0.056933284662264626, 0.7337741367590808, 0.04620517562234456], [0.004975930093090023, -0.019431468683442633, -0.011288975111643113, 1.0, 0.006236126207755865, 0.005253609904957977, -0.002056294882696205, -0.011123546527646017, 0.0001525550840569432, -0.008028978700564723, -0.0030110688014794262, -0.0024164263642380934, 0.016364342648274174, 0.010273822731620455, 0.02373545020465135, 0.008765399692054254, 0.01074868127258521, 0.011627957779859045, 0.008698853882256044, 0.0061444613068275845, 0.001644595885373148, 0.010454048562681206, -0.0005575425651838696, -0.0007135118090167988, 3.631093427628363e-05, -0.0005116875891200607, -0.0005057686834210429, -0.0005774343745398982, 0.009597231375182782, 0.009025475140406988, 0.010687258377019756, 0.011828577658465456, 0.019217279032373306, 0.006356515287151001, 0.011656404175029809, 0.007683744897622668, 0.012801342111566678, 0.010375564723782458, 0.00843661647890067, -0.003212314461099958, 0.0007114475174496556, 0.01107394825939789, -0.013915666807223536, 0.0057119866303118345, 1.266340066375583e-05, -0.004777546376831734, 0.0008263057353746554, 0.005634940265932582, 0.007713178553289533, -0.0225252384638551, -0.012093794569774274, -0.024909803248590583, 0.034690090576910394, -0.022461994476544928, -0.00614611634197662, 0.004525515674041524, -0.00887703215289895, 0.010040042480480803, 0.0051316235399299645, -0.006695384663554381, 0.015384680929285648, 0.0019387080359134629], [-0.006863683815710477, -0.04806041492472972, -0.047001726870569464, 0.006236126207755865, 1.0, 0.2639440803135258, -0.008507315109273002, -0.009157934431223286, 0.020905081354158684, 0.03242696345285258, 0.061135819602904234, 0.024959457305703387, 0.13529926235660097, 0.1273660952904071, 0.15045081214079487, 0.06868808499238437, 0.11261670847376017, 0.1294706218176684, 0.12806101664096742, 0.055567370558096144, -0.002196343762280274, 0.013233887334862136, -0.003947117795973704, 0.0018455716604341957, -0.0010486762447524786, 0.0014354761808908361, -0.0038311529543542614, -0.0026516696673701203, -0.003219544820563275, -0.00578227722377802, 0.045246605883637124, 0.11172919399651575, 0.14315247916533078, -0.03567515794177082, 0.10763834336214909, -0.08153103503007056, 0.040689706774339494, 0.1092038806176822, 0.08430895938289606, 0.06534993021064428, -0.031514572390154566, 0.08824275435699715, 0.06242049709299246, 0.01975772674535869, 0.033147572016119106, 0.015936679863001815, 0.030979040812037322, 0.059676192245303766, 0.03180908775692389, -0.025880073980788603, -0.05222831665971614, -0.05582189241614611, 0.17471228076224288, -0.09412932623261723, -0.05111988401241696, 0.025176829383296368, -0.06225874850871546, 0.053453991035092026, 0.011185920245563074, -0.023857753847191753, 0.06485427340206994, 0.05077834824692304], [0.012687562416327165, -0.05219524295642967, -0.0470532393519285, 0.005253609904957977, 0.2639440803135258, 1.0, 0.08885145842594402, 0.08686392044457128, 0.15211641291121067, 0.15403057938783715, 0.038353281442612255, -0.03466718489622032, 0.18865159306270257, 0.2417441736504775, 0.19228717924244443, 0.18513592705282403, 0.2275141768585754, 0.2491464794140218, 0.25516655625176293, 0.11955304822244817, -0.008814332455305988, -0.006552133861518594, -0.009957959278104665, -0.0013771937750094118, -0.00021319574033681763, -0.0061252150400105685, -0.008637654338903667, -0.005382004516955727, 0.0636706150780782, 0.0743936113287353, 0.04335296813156773, 0.21430083632950384, 0.14895823985737322, -0.08988005843308372, 0.2688648034827656, -0.02743736960261712, 0.1482152144718207, 0.2314355522640752, 0.18865644572405976, 0.07180460047247822, 0.057355552824661475, 0.22281565193183148, 0.07853218504050123, -0.0014855028962123457, 0.003885516068139217, -0.005717050097608883, 0.00305602558527321, 0.01152286199496325, 0.021533014889091588, -0.08198201150190451, -0.04067751000378708, -0.07620249740859972, 0.10056711753830663, -0.06213972008682455, -0.06459956245838132, 0.036852803943571884, -0.09468067756271208, 0.08241193844204907, 0.031209971443562204, -0.04032420477734061, -0.030083860937142905, 0.1368697320994509], [-0.00866067726687585, 0.014581812304268041, 0.014279011451520742, -0.002056294882696205, -0.008507315109273002, 0.08885145842594402, 1.0, 0.5002410160839073, 0.41341171758189205, 0.4308011187346118, -0.09121382851159812, -0.202309930078173, 0.17424381300703454, 0.1736083304518874, 0.15382688458005342, 0.12710051620323934, 0.1942513995490745, 0.17005982811583345, 0.16038583076790333, 0.10426601439457488, -0.012167534990103111, -0.015731325891441734, -0.0040270497874521595, -0.004599381236217596, -0.00853952963942669, -0.00021423788409374194, -0.0104634282342962, -0.007870004881603212, 0.09000554633557452, 0.10951880723735981, -0.008069008983541869, 0.1781614358406871, 0.0265472223735486, -0.09440254679668178, 0.32577543192866953, 0.13905686287328078, 0.23950371253846142, 0.2989976236796686, 0.29965348683476695, -0.12843515500969435, 0.22080379891147084, 0.28299719482312813, -0.03757419545060092, -0.016403015617462616, -0.036174333191935366, -0.035765488827197975, -0.021023157462840326, -0.017017362749735365, -0.021222643565658977, -0.0002831250259811501, -0.03919636871338973, -0.057054849718472626, 0.1272080628123402, -0.04491441946441117, -0.04119136459692609, 0.02919550580595453, -0.06692403701505027, 0.058109545413464206, 0.02385889806553807, -0.024464528693672945, 0.11456612855520897, 0.12624618676255878], [-0.018896930668112943, 0.019300446529693264, 0.02010705452030768, -0.011123546527646017, -0.009157934431223286, 0.08686392044457128, 0.5002410160839073, 1.0, 0.4380126771042585, 0.49301162799040704, 0.03257961955656284, -0.06387368018655351, 0.12478023621098326, 0.1286501593842412, 0.08356793068081267, 0.09907677460188268, 0.13423729492822664, 0.1165734623461741, 0.11709379295724463, 0.093414160766339, -0.019907404931808027, -0.016136528817035693, -0.005187044279548748, -0.0008852348417876863, -0.0015303027251457107, -0.006684518197937564, -0.011634581295702034, -0.008254464825849125, 0.07215726080509814, 0.087988283100988, -0.0258545943899891, 0.12069940711737791, -0.011404356593780742, -0.07713163414181289, 0.2955927626251241, 0.12292293437457338, 0.16857912718599186, 0.2643407799192151, 0.2434479278082954, -0.028092977949082342, 0.19908487599979313, 0.2298977211777301, -0.003718218938207726, -0.01498992395403006, -0.02911115071731474, -0.019038506530807527, -0.025249923684472486, -0.020549806508977274, -0.015745339110054213, 0.05129327960623341, -0.01959462032581886, -0.02349028463628722, 0.051345561427191884, -0.0275557282131745, -0.013374106758782598, 0.004419476434924448, -0.03911068870156545, 0.027238431947594063, 0.023332439095214947, -0.020461312791341106, 0.05331726583366104, 0.11357625121787351], [-0.00032425757205516474, 0.026440254853345193, 0.02697015084288967, 0.0001525550840569432, 0.020905081354158684, 0.15211641291121067, 0.41341171758189205, 0.4380126771042585, 1.0, 0.5304626771723646, 0.007081414390215102, -0.10673864091866087, 0.16415387670145754, 0.1824284425912169, 0.13677470977974499, 0.13934476581867714, 0.18176755846385323, 0.174661531994142, 0.16927326541816565, 0.1106168256645532, -0.014929594350975106, -0.020903092312442098, -0.005805721511120531, -0.002167650620292951, -0.0004113337997281997, -0.005820580264366521, -0.011270598251324806, -0.007757842442324085, 0.13029112363524128, 0.14167610051792437, -0.017035376847003694, 0.1675263085398621, 0.011552482972602673, -0.08486349119010682, 0.40512078757305947, 0.16909086518357225, 0.26951351782592453, 0.3498897314102596, 0.35069023221856604, -0.04003586567841386, 0.31474996427402696, 0.3720044296648783, -0.0162847307890859, -0.019817154880523206, -0.03952794725267334, -0.03708960335264886, -0.026878351725872825, -0.024983566712593976, -0.02322190674755038, 0.020497256823482576, -0.030559587761981394, -0.06168594338069151, 0.14817334783986444, -0.06697979939831958, -0.05479438813595602, 0.028019516349019183, -0.09935458448069343, 0.07536190229891371, 0.042138237409110414, -0.040023127084192214, 0.09578503388826899, 0.18919615073526969], [-0.02264290276694528, -0.009719419223594787, -0.008524618266644335, -0.008028978700564723, 0.03242696345285258, 0.15403057938783715, 0.4308011187346118, 0.49301162799040704, 0.5304626771723646, 1.0, 0.04001532873758418, -0.07614428726533776, 0.1449385562791017, 0.15765870077336558, 0.08784470957676034, 0.13202748249508242, 0.14443638980478107, 0.14981140134652884, 0.1523844177917833, 0.11669884168953218, -0.016711940270687006, -0.017748958798452306, -0.006781042738446715, -0.0020305766221933737, -0.0019584915943818637, -0.006476009132926427, -0.012243047571879955, -0.008451602406028632, 0.07742246986712545, 0.09647518476295286, -0.014411123734054001, 0.1412270127244917, 0.013679808933514965, -0.10592832764336084, 0.3954742981065151, 0.10459060968540537, 0.22054115288199033, 0.33379717307256024, 0.3013500606472388, -0.01637703606097076, 0.23742745009325897, 0.3146340909832071, 5.528826029491715e-05, -0.010512850851521505, -0.019224727793068986, -0.0021033943907883827, -0.013194419187266332, -0.017718612009836668, -0.005501019782950845, 0.06263886882116834, -0.007169902803078428, -0.016696813653757546, 0.016488937404516114, -0.0389086602858713, -0.04110449701368589, 0.012284757804524971, -0.08806466098615377, 0.04963662914598687, 0.04031964893987956, -0.03197902326081863, 0.05680714746893532, 0.1875018657201075], [-0.0051439639534649395, 0.022878270546158878, 0.02635228057225635, -0.0030110688014794262, 0.061135819602904234, 0.038353281442612255, -0.09121382851159812, 0.03257961955656284, 0.007081414390215102, 0.04001532873758418, 1.0, 0.5058759516956327, -0.044003600418768565, 0.022422865702225313, -0.03917814046102621, 0.016050904714697074, -0.006698886422810813, 0.02085780637235931, 0.049750603537083396, -0.032456859843386136, -0.0027933964915230836, -0.0023877482494071888, 0.0007673598618722775, -0.0009445205944713214, 0.002727058850303327, -0.0003515162229046774, 0.0039477745705831235, 0.004804083258060777, 0.019299633679012208, 0.00766979744055334, 0.014686669408661231, -0.019330332139103318, -0.00754752160326685, 0.13424276584610614, -0.0814664973792961, -0.0020751863865772734, -0.12476959397565124, -0.062996979257771, -0.09578582320438439, 0.3799754995846173, -0.04050908350272885, -0.10838229678381466, 0.1259061887694976, -0.003314120040272906, 0.0025041635275820447, 0.0020612751954885065, -0.0025122904167030826, 0.005021481471064395, 0.0026320534057579395, 0.020684668545991255, 0.007217937171381588, -0.0028886266499998587, 0.017918131679153973, -0.008904446823952257, 0.03368169688810199, -0.018407635081894934, 0.061098528496553665, -0.04785363777757853, -0.02718040485792925, 0.027739069666203278, -0.20347491383587346, -0.05414309756876056], [-0.029119258303254028, 0.03179701255529595, 0.03489589353750298, -0.0024164263642380934, 0.024959457305703387, -0.03466718489622032, -0.202309930078173, -0.06387368018655351, -0.10673864091866087, -0.07614428726533776, 0.5058759516956327, 1.0, -0.11094259087244716, -0.06263498776006832, -0.10244917450335159, -0.049290533029963175, -0.0870025969888333, -0.06794489965949939, -0.038818491323717993, -0.0715096623524631, 0.002582129989058449, 0.007824552047794522, 0.002610173024433668, 0.0007895418018244009, 0.0029098778589269334, -0.0008210661519866898, 0.007557174494400851, 0.006881101680003217, -0.012791947464690267, -0.02864511250791688, 0.018075205549988083, -0.09416736726418393, -0.03224937602916357, 0.17841639740924142, -0.20231827038798839, -0.02421845998426673, -0.2008410354399241, -0.17371817792155947, -0.19418341040486412, 0.38770383376610545, -0.09598021155096659, -0.22205083281603047, 0.10825055784647207, 0.0010275149935565137, 0.01092595655371641, 0.005496555309106458, 0.004270012618699024, 0.007066867878525022, 0.011023725201893323, 0.03243877076733829, 0.012541797239519934, 0.022434784835723864, -0.050287492702311656, 0.016694870646194713, 0.06000688982192274, -0.03648809590985583, 0.10128633674544561, -0.0831833543986814, -0.04190800561797144, 0.043838490984517975, -0.21248693339176564, -0.11296686743136297], [0.004737746878766182, -0.04777507215457163, -0.04757154666687891, 0.016364342648274174, 0.13529926235660097, 0.18865159306270257, 0.17424381300703454, 0.12478023621098326, 0.16415387670145754, 0.1449385562791017, -0.044003600418768565, -0.11094259087244716, 1.0, 0.39310365112999696, 0.510060935730791, 0.36290092053006046, 0.4394943195993768, 0.37556871373222633, 0.35018415132759073, 0.35847103319276313, -0.00732727039607416, -0.007942035131930624, -0.004853123580421323, -0.010828507788818081, -0.0026378916673987333, -0.0002987996460849593, -0.011887082373874933, -0.004142992437301877, 0.16985165711518194, 0.18790120105894934, 0.03760322654252143, 0.4156570391409486, 0.1574355111666166, -0.06117208258955624, 0.2624048552992853, 0.0686564101581153, 0.15163887591490588, 0.27848398973991834, 0.2250550212873559, 0.012844155994491709, 0.12393128234781652, 0.21096986637268703, 0.0645229024383067, -0.017809025060219624, -0.0446242583819195, -0.031227711810835036, -0.011661554543130096, -0.00622458241354787, 0.01152207275854616, -0.03331805710976622, -0.06243244824895139, -0.057140035163424564, 0.22028449995828278, -0.07971595668800081, -0.06041881740156246, 0.042620759544187106, -0.07280797344243553, 0.07309858561713521, 0.012572495408172877, -0.02697409505559196, 0.054609635296063275, 0.1123812097082717], [0.01404989846208116, -0.08585468122859893, -0.08021199599595388, 0.010273822731620455, 0.1273660952904071, 0.2417441736504775, 0.1736083304518874, 0.1286501593842412, 0.1824284425912169, 0.15765870077336558, 0.022422865702225313, -0.06263498776006832, 0.39310365112999696, 1.0, 0.4024375059817584, 0.4879524753203617, 0.6209474334846333, 0.5758374881318008, 0.6367925780501688, 0.21663558528954338, -0.03215499960668758, -0.024218391794175235, -0.014966428574882442, -0.005224017955470697, -0.00592615429701945, -0.005358902982542725, -0.017416140676954107, -0.0059981473266948965, 0.27201956899930424, 0.23808224229589972, 0.030021162276441343, 0.49077011527625436, 0.191307260559856, -0.07413620259325737, 0.2829925869265486, 0.06494068526285121, 0.17706224556979439, 0.2768893593697356, 0.23359849773565453, 0.0903228746560912, 0.1253203078798715, 0.23241910559012027, 0.1535732091545454, -0.022493012188572532, -0.05071694792113515, -0.053259907056374, -0.015073009303326203, -0.003683881952081887, 0.029182304885617814, -0.01992022937173042, -0.056636266015052644, -0.0652079237414245, 0.24122710055615373, -0.053923906691242224, -0.054207166972989496, 0.034825649817441094, -0.07679378625180033, 0.07322519930359561, 0.019737457257756923, -0.03312349948122506, -0.16042971465718664, 0.10792860041760147], [0.016406922597693545, -0.042813826377580126, -0.04113147933462935, 0.02373545020465135, 0.15045081214079487, 0.19228717924244443, 0.15382688458005342, 0.08356793068081267, 0.13677470977974499, 0.08784470957676034, -0.03917814046102621, -0.10244917450335159, 0.510060935730791, 0.4024375059817584, 1.0, 0.3780507099190375, 0.4343251835301379, 0.4181355866707012, 0.4039672378893689, 0.25884346492687166, 0.004716997708445665, -0.0005972354504024146, 0.0005830795569558906, -0.007952095511403892, 0.0023293966487865753, 0.0020897374024403336, -0.006029956522803767, -0.0024239358267877913, 0.1920151995401551, 0.1859214796553493, 0.06088265823714925, 0.39495556096481715, 0.21501337100129989, -0.010775849906389329, 0.22100107649998665, 0.10558118434616964, 0.17376543185177154, 0.2408103775667213, 0.22173244467007208, 0.04499265904249494, 0.12498796955661474, 0.19317388951709016, 0.07185412239168794, -0.016105922809504274, -0.048964657645802614, -0.05791041448322179, -0.007439383153849909, 0.001699440347835218, 0.016254432007275117, -0.11841647340260625, -0.06270077640741117, -0.11023131833328062, 0.29172116131349796, -0.0744752234536254, -0.04942591098520414, 0.05429544455518116, -0.0375943328907622, 0.07369746034400224, -0.0096454120389822, -0.015010328396929435, 0.04354160242858477, 0.07292828720136889], [0.0017724570452825258, -0.09583157080287111, -0.0918158896548579, 0.008765399692054254, 0.06868808499238437, 0.18513592705282403, 0.12710051620323934, 0.09907677460188268, 0.13934476581867714, 0.13202748249508242, 0.016050904714697074, -0.049290533029963175, 0.36290092053006046, 0.4879524753203617, 0.3780507099190375, 1.0, 0.5045342242166634, 0.4835818116044861, 0.4782199762734764, 0.2669862669144406, -0.018070138326402977, -0.01400055507555983, -0.004747138236098229, -0.00018844105091922678, -0.0035416734760288235, -0.006700685567771264, -0.007426666185068479, -0.0019859113091100704, 0.22191293830845527, 0.19207596297301616, 0.03938172592971602, 0.42310809791936765, 0.16191921447288132, -0.04270622143594734, 0.2086485073297381, 0.067378423317828, 0.13511508580216633, 0.21599537347436365, 0.18130277103407744, 0.08913447020834762, 0.10645088541614857, 0.17265068608162168, 0.11465720728500257, -0.01257183247787912, -0.028427974253493714, -0.029541682951023107, -0.008961338882168227, -0.0007788909692920049, 0.039543384060555284, -0.05594557852884273, -0.03217899215179741, -0.05133562180766044, 0.113801501978665, -0.042021771376001923, -0.04325729811753382, 0.03373133277597845, -0.05875498052587515, 0.06384847739392006, 0.014629747717238366, -0.025926682101113856, -0.1406490137629505, 0.05435971087818216], [0.013565551685769306, -0.05030675457539179, -0.0456126927839512, 0.01074868127258521, 0.11261670847376017, 0.2275141768585754, 0.1942513995490745, 0.13423729492822664, 0.18176755846385323, 0.14443638980478107, -0.006698886422810813, -0.0870025969888333, 0.4394943195993768, 0.6209474334846333, 0.4343251835301379, 0.5045342242166634, 1.0, 0.5653193597640399, 0.5734680459356984, 0.25179259960828415, -0.019922733103970875, -0.023586837747650472, -0.006267806577697439, -0.004679206159099288, -0.006374210232243428, -0.002096747747357293, -0.01762409152596844, -0.010512582928602588, 0.29175537369344035, 0.24652255255915598, 0.027277779263836854, 0.5665202289560068, 0.21685317023489686, -0.062046328486885925, 0.2728461591884544, 0.09009404122226372, 0.17982763588011813, 0.27836183300517053, 0.2336199540520778, 0.07750638581697052, 0.1381982788417027, 0.2266371533477728, 0.14584544921800638, -0.023263916190016984, -0.05029527662949378, -0.06066880603312661, -0.014725220418672828, -0.001955314529785299, 0.030561704546352885, -0.05251640136545568, -0.07610432753384448, -0.07803364868706006, 0.24695375897068542, -0.07617933260491548, -0.06014958057246514, 0.044806057673858465, -0.07372820398463628, 0.08020094474770159, 0.014763951499369982, -0.030702997181274685, -0.12760071934646808, 0.09439310924716847], [0.027154901474460615, -0.06756737224356615, -0.061586378030960974, 0.011627957779859045, 0.1294706218176684, 0.2491464794140218, 0.17005982811583345, 0.1165734623461741, 0.174661531994142, 0.14981140134652884, 0.02085780637235931, -0.06794489965949939, 0.37556871373222633, 0.5758374881318008, 0.4181355866707012, 0.4835818116044861, 0.5653193597640399, 1.0, 0.6650023108360394, 0.2203785376382479, -0.019065905380874968, -0.021546553871887583, -0.004300892949779736, -0.0019050581789841223, -0.0035682075566331605, -0.006601693684108145, -0.01592097176821011, -0.010444899835060485, 0.2539303192095942, 0.2209358831012629, 0.039783421605600895, 0.46499468630700425, 0.19566696971726358, -0.06945288199966511, 0.2756932779715753, 0.06314633346749648, 0.17393920741083682, 0.2742178049729898, 0.23059604395665817, 0.10636458791782552, 0.1229393985839527, 0.22793964476414394, 0.1296239561460338, -0.015922268361485435, -0.042009066032349295, -0.04782965295414845, -0.008421254509622843, 0.00281363666042105, 0.03169176709649115, -0.05465384648109724, -0.060827203617515486, -0.06646151236323719, 0.21384815323991224, -0.07504737332909356, -0.061302972194733525, 0.04238192256218795, -0.0794876766268795, 0.08624062883369972, 0.017484511503165073, -0.03904389747144068, -0.14764005323566604, 0.09558741063772853], [0.016398899860896668, -0.05045903238868228, -0.04230200857497343, 0.008698853882256044, 0.12806101664096742, 0.25516655625176293, 0.16038583076790333, 0.11709379295724463, 0.16927326541816565, 0.1523844177917833, 0.049750603537083396, -0.038818491323717993, 0.35018415132759073, 0.6367925780501688, 0.4039672378893689, 0.4782199762734764, 0.5734680459356984, 0.6650023108360394, 1.0, 0.19786101668685788, -0.02432094424459127, -0.02120642650303744, -0.005190512088009017, -0.004039457597217008, -0.003943321154545723, -0.0011635026332359997, -0.015429706785006353, -0.006631787547197371, 0.255575261390847, 0.22094784828389566, 0.04141511641467402, 0.4572968063201674, 0.20075913134761236, -0.05783836897993445, 0.25961649122104463, 0.05663693751321207, 0.16961668965484392, 0.25967447943029137, 0.21765730843876285, 0.15326238302090034, 0.11496660964941016, 0.22500735637985414, 0.1852059586883463, -0.013547398897476049, -0.03736240314233004, -0.039362890072068855, -0.006358846211019141, 0.0029202563946848347, 0.04896357376698829, -0.04443851169249253, -0.0501853704566733, -0.0517859994798949, 0.17093327479494233, -0.05575882864429365, -0.054729162281347006, 0.03786633627830221, -0.07704855610640728, 0.07893756818485105, 0.021261880454566093, -0.035389092170981254, -0.20480399736318294, 0.08873180606251366], [-0.022649166812517583, -0.03864333744372204, -0.03802615922943431, 0.0061444613068275845, 0.055567370558096144, 0.11955304822244817, 0.10426601439457488, 0.093414160766339, 0.1106168256645532, 0.11669884168953218, -0.032456859843386136, -0.0715096623524631, 0.35847103319276313, 0.21663558528954338, 0.25884346492687166, 0.2669862669144406, 0.25179259960828415, 0.2203785376382479, 0.19786101668685788, 1.0, -0.004105768488113192, -0.003454980034927932, -0.000802485264158128, -0.006716001698394611, -0.0021539592093226517, 0.0002214546287274475, -0.0015265146602027686, 0.00040432451323988366, 0.1165913379939885, 0.12999474816963197, 0.02991223768772655, 0.2690663179216385, 0.093175865445649, -0.052467474233611436, 0.17158598255028154, 0.049683950747202686, 0.10927088465107695, 0.19021002865384518, 0.14896549835294381, 0.013193186678228693, 0.09670088608475469, 0.1456754341902391, 0.047260821096893134, -0.011629303195330353, -0.027697168138319038, -0.003014222547454545, -0.013092588124007574, -0.009591282266894931, 0.00863158994641609, -0.01187109028575381, -0.00878694031961496, 1.676280528538659e-05, 0.015218577012670155, -0.040300415664019464, -0.03377089433283932, 0.026488990678107813, -0.053640547202378056, 0.04906150047377339, 0.01729666016754494, -0.017767290376040374, 0.01687130410151553, 0.058347551130320995], [0.004768520322382621, -0.00044187153542701044, -0.001088441773352388, 0.001644595885373148, -0.002196343762280274, -0.008814332455305988, -0.012167534990103111, -0.019907404931808027, -0.014929594350975106, -0.016711940270687006, -0.0027933964915230836, 0.002582129989058449, -0.00732727039607416, -0.03215499960668758, 0.004716997708445665, -0.018070138326402977, -0.019922733103970875, -0.019065905380874968, -0.02432094424459127, -0.004105768488113192, 1.0, 0.06266196869204331, 0.026633740801091436, 0.00029474932041171736, 0.016775220341503954, 0.006285337521483572, 0.06903454479287961, 0.053878102617047195, -0.010126504096204227, -0.0045189813238679, 0.00902180920998236, -0.016963058769852532, 0.007711676415130647, 0.010716548545849839, -0.014308163187321487, 0.005037712687860616, 0.0008199214013484623, -0.008657909819575512, -0.004865599872248441, -0.0014448429369770947, -0.002295748629911999, -0.0041982521284743505, -0.0014170617804680076, 0.014011683009512612, 0.012059803304877202, 0.008203757143379248, 0.01491888560168896, 0.025837130936436532, -0.001761758131122563, -0.009239746667043938, 0.0009687429056179802, 0.00394358890320836, -0.0010050053108671007, -0.0011016830619705665, 0.0010111198355003132, 0.004102673855358499, 0.007987908350613169, -0.005335396957529626, -0.00587463601855205, 0.0100963712018204, 0.015881252321442503, -0.005223553373554292], [-0.0025606628448841583, -0.004041612256782347, -0.0005237647437923059, 0.010454048562681206, 0.013233887334862136, -0.006552133861518594, -0.015731325891441734, -0.016136528817035693, -0.020903092312442098, -0.017748958798452306, -0.0023877482494071888, 0.007824552047794522, -0.007942035131930624, -0.024218391794175235, -0.0005972354504024146, -0.01400055507555983, -0.023586837747650472, -0.021546553871887583, -0.02120642650303744, -0.003454980034927932, 0.06266196869204331, 1.0, 0.07478195511897652, 0.0018422256534292053, 0.00947164421798063, 0.03614397575579353, 0.36222988568660097, 0.3418325385539885, -0.01612523120010171, -0.0142589367295432, 9.0054071385649e-05, -0.02114307360265764, 0.003973120038337473, 0.002296911809475333, -0.01926926112485468, -0.004369619243934753, -0.009662793142240337, -0.015792892516346677, -0.01762890582730536, 0.0026140828142472558, -0.014455014475464911, -0.01591186328480422, 0.001584420076094697, 0.0045153919158461295, 0.005622364404565637, 0.0052392955600648414, 0.007261504658192843, 0.005218095130065024, -0.0017498563118776708, 0.002424554609398587, 0.01428325427907111, 0.015458379049788721, -0.024509163371459128, 0.027777976546463894, 0.010946175745646295, -0.0018107818700814817, 0.011825890433016262, -0.005401561049519436, -0.0012204479338415316, 0.0012831933777265258, 0.0042611521620569024, -0.014518443083121562], [-0.0026690546003365705, 0.002196896943142072, 0.002090306243532749, -0.0005575425651838696, -0.003947117795973704, -0.009957959278104665, -0.0040270497874521595, -0.005187044279548748, -0.005805721511120531, -0.006781042738446715, 0.0007673598618722775, 0.002610173024433668, -0.004853123580421323, -0.014966428574882442, 0.0005830795569558906, -0.004747138236098229, -0.006267806577697439, -0.004300892949779736, -0.005190512088009017, -0.000802485264158128, 0.026633740801091436, 0.07478195511897652, 1.0, 0.0004895681891410277, 0.009652120345024322, 0.009165752378826353, 0.09795896775916704, 0.08587071086682924, -0.0024893689505363394, -0.0009443185398084009, -0.0032124085237090812, -0.006753212623898581, -0.0030408104344871287, 0.00733223129620505, -0.005134085095343884, 0.002889023021506316, -0.003502514441348981, -0.005418463775748951, -0.010889000760766404, -0.0036980359943308383, -0.006834293574249288, -0.009971541331132134, -0.005194127089728879, 0.0005721565311207578, 0.0004430206760059127, -0.00017481481507154487, 0.00178829523015353, 0.0035773996711989334, -0.0012080483694729615, 0.00041950555743707103, 0.0030487841832252394, 0.0009968311180151134, -0.0007984330733116705, -0.0015958283234592393, -0.0003684017682172026, 0.00027169839843678976, 0.005058830751085842, -0.005582856770534834, -0.006317238117777357, 0.006340795137501656, 0.004218825825468411, -0.004528052091940484], [-0.006201767984304205, -0.0006997578990015948, -0.0007741580089448884, -0.0007135118090167988, 0.0018455716604341957, -0.0013771937750094118, -0.004599381236217596, -0.0008852348417876863, -0.002167650620292951, -0.0020305766221933737, -0.0009445205944713214, 0.0007895418018244009, -0.010828507788818081, -0.005224017955470697, -0.007952095511403892, -0.00018844105091922678, -0.004679206159099288, -0.0019050581789841223, -0.004039457597217008, -0.006716001698394611, 0.00029474932041171736, 0.0018422256534292053, 0.0004895681891410277, 1.0, -1.855187080167439e-05, 0.00025307173061811354, 0.004458914737864628, 0.005758386205541175, -0.004879538405905509, -0.0026865323960265585, 0.0022640035845462895, -0.0012925186003938712, -0.00044145504604754435, -0.002189252127968412, -0.0019175968550912837, 0.00127199383467548, -0.001977342037110514, -0.006437654141956372, -0.004175085522856652, -0.0016411658393864312, -0.002769535246959758, -0.0034637948339107816, 0.0009117373491027258, -0.0006364748010703392, 0.004578707203896139, 0.005177238668997359, 0.0005941288300872647, 0.00048768524922436664, -0.001089530940323027, 0.0030495503155605055, 0.006494030974546582, 0.00013660218218870004, -0.005783553665219969, -0.0033188160071862026, -0.004213714767471242, -0.00011645677759529313, -0.0021389566465536665, 0.0009647038940079018, -0.0020001363434868414, -0